<?xml version="1.0" encoding="UTF-8" standalone="no"?>
<!DOCTYPE svg PUBLIC "-//W3C//DTD SVG 20010904//EN"
              "http://www.w3.org/TR/2001/REC-SVG-20010904/DTD/svg10.dtd">

<svg xmlns="http://www.w3.org/2000/svg"
     width="10.4222in" height="10.4222in"
     viewBox="0 0 938 938">
  <path id="Imported Path"
        fill="none" stroke="black" stroke-width="1"
        d="M 491.89,363.94
           C 481.01,370.45 481.51,388.71 492.64,394.59
             504.89,400.84 519.03,392.58 519.03,379.20
             519.03,368.57 512.02,361.44 501.52,361.44
             498.14,361.44 494.26,362.44 491.89,363.94 Z
           M 423.10,337.68
           C 412.22,344.18 412.72,362.44 423.85,368.32
             436.11,374.57 450.24,366.32 450.24,352.94
             450.24,342.31 443.24,335.18 432.73,335.18
             429.35,335.18 425.48,336.18 423.10,337.68 Z
           M 249.26,27.39
           C 242.38,30.52 239.63,35.77 240.50,44.27
             241.38,53.53 246.01,57.03 264.14,62.28
             292.41,70.54 313.42,83.92 318.42,97.05
             323.92,111.31 314.79,139.70 289.78,186.97
             261.51,240.38 253.89,258.64 251.26,279.77
             250.01,290.28 250.01,293.41 251.76,301.79
             258.51,333.80 279.52,361.69 309.92,378.95
             317.17,383.08 317.67,383.58 318.42,388.96
             319.55,397.09 323.67,412.34 326.05,416.97
             329.68,424.23 333.93,427.73 339.18,427.73
             346.81,427.73 348.19,424.23 348.81,404.97
             349.19,390.71 349.44,388.96 351.44,388.96
             352.56,388.96 355.06,387.83 356.94,386.33
             363.19,381.33 360.19,372.82 350.31,367.70
             350.31,367.70 347.31,366.20 347.31,366.20
             347.31,366.20 348.06,335.30 348.06,335.30
             348.69,308.91 349.19,302.54 351.81,290.78
             357.07,267.77 364.82,251.26 376.70,238.25
             398.71,214.24 425.48,204.23 492.14,195.10
             506.65,193.10 522.40,190.60 527.16,189.48
             562.55,181.35 597.07,162.21 631.21,131.45
             631.21,131.45 642.47,121.44 642.47,121.44
             642.47,121.44 638.22,135.45 638.22,135.45
             621.21,192.23 618.83,220.49 626.33,276.40
             634.84,340.43 634.34,355.19 623.08,377.08
             613.95,394.71 589.81,414.22 558.42,429.48
             543.54,436.73 523.40,443.99 518.03,443.99
             513.15,444.11 504.52,448.36 502.14,451.87
             499.27,456.24 498.39,463.37 500.27,467.75
             501.64,470.88 501.39,472.38 498.89,478.38
             497.39,482.13 495.64,485.26 495.14,485.26
             494.51,485.26 489.51,481.26 483.76,476.50
             462.37,458.49 449.49,455.99 432.36,466.75
             429.10,468.87 426.23,470.38 425.98,470.13
             425.73,469.88 423.60,466.50 421.10,462.62
             410.84,446.36 396.34,441.74 375.95,448.24
             375.95,448.24 366.57,451.24 366.57,451.24
             366.57,451.24 366.20,446.11 366.20,446.11
             365.95,442.36 364.94,440.48 362.44,438.61
             358.32,435.48 354.69,436.36 347.31,441.99
             347.31,441.99 341.81,446.24 341.81,446.24
             341.81,446.24 340.06,442.24 340.06,442.24
             337.18,435.61 333.30,434.73 309.54,434.48
             291.03,434.36 287.28,433.98 280.15,431.61
             259.14,424.35 247.38,415.85 241.00,403.21
             235.88,393.21 231.50,376.70 230.25,362.69
             229.50,355.44 228.62,331.55 228.25,309.54
             227.87,287.53 226.87,265.02 226.25,259.51
             221.37,221.24 201.61,189.60 171.97,172.72
             143.20,156.21 112.06,153.58 95.93,166.34
             85.67,174.47 86.80,190.23 98.05,195.60
             103.56,198.23 106.18,198.11 114.06,195.10
             122.82,191.85 131.70,191.98 142.45,195.60
             163.71,202.86 178.60,216.87 187.22,238.00
             193.48,253.39 193.98,258.64 195.10,315.79
             196.35,375.58 197.11,382.95 204.48,404.84
             212.61,429.35 225.62,445.11 245.13,454.24
             249.88,456.49 253.89,458.62 253.89,458.99
             253.89,459.37 250.63,462.37 246.76,465.75
             235.50,475.00 227.62,485.01 208.36,514.02
             189.10,542.91 182.60,550.29 170.47,556.42
             153.71,564.80 135.45,569.05 101.30,572.18
             89.30,573.31 76.54,574.93 73.16,575.93
             63.53,578.68 58.78,584.81 58.78,594.57
             58.78,599.07 59.53,601.07 62.53,604.45
             68.91,611.83 71.29,612.20 92.92,609.70
             130.32,605.45 146.33,602.57 165.09,596.44
             198.86,585.31 211.11,574.56 239.25,531.91
             260.64,499.39 269.02,490.26 290.40,476.13
             301.29,468.75 306.41,466.25 312.67,464.75
             317.17,463.75 320.92,463.12 321.17,463.37
             321.42,463.62 315.29,468.75 307.54,474.88
             287.15,490.76 281.65,496.14 280.15,501.39
             277.52,511.15 283.90,521.28 294.16,524.15
             301.29,526.03 307.04,524.65 312.42,519.78
             321.42,511.65 365.69,488.26 382.08,483.01
             390.33,480.38 391.71,480.76 393.71,486.51
             393.71,486.51 395.09,490.14 395.09,490.14
             395.09,490.14 386.71,492.01 386.71,492.01
             354.69,499.27 328.30,522.15 316.29,553.17
             311.17,566.43 305.79,588.44 303.79,603.82
             302.16,616.70 302.91,651.10 305.16,664.73
             306.91,676.11 311.17,719.38 312.17,736.14
             313.17,753.15 311.42,769.29 307.41,780.92
             299.28,804.55 278.65,834.69 260.26,849.70
             252.63,855.83 238.63,865.46 237.13,865.46
             236.75,865.46 232.25,867.46 227.00,869.96
             220.37,873.09 216.99,875.47 215.74,877.97
             210.74,887.60 215.99,897.73 226.50,898.85
             231.50,899.48 233.62,898.73 245.76,892.35
             267.27,881.22 282.03,869.84 296.66,853.33
             312.92,835.07 329.43,807.93 335.93,788.92
             345.18,761.78 345.68,743.90 338.93,682.86
             331.93,621.46 335.30,589.81 352.31,557.55
             360.32,542.41 380.45,526.03 397.21,521.15
             403.59,519.28 403.84,519.28 408.47,522.53
             414.47,526.66 423.35,527.53 428.85,524.78
             430.98,523.53 434.86,519.53 437.23,515.65
             442.36,507.77 449.99,499.02 451.74,499.02
             453.49,499.02 469.00,512.77 469.00,514.27
             469.00,515.02 467.00,520.40 464.75,526.41
             458.87,540.91 454.12,560.42 452.12,577.81
             448.24,610.58 455.12,630.96 485.63,676.24
             505.77,706.13 511.52,715.88 516.65,728.64
             521.03,739.39 526.66,758.15 525.91,758.90
             525.28,759.53 480.13,733.89 450.49,716.13
             408.09,690.87 398.71,680.36 396.84,655.85
             395.59,640.59 400.46,608.20 409.72,570.18
             412.85,557.17 414.85,545.79 414.47,544.54
             412.85,540.04 409.84,537.79 405.59,537.79
             389.83,537.79 369.57,584.19 363.32,634.59
             359.57,665.48 366.20,690.24 383.08,707.63
             393.33,718.26 414.97,732.27 454.12,753.90
             475.63,765.66 502.64,781.04 519.53,791.05
             519.53,791.05 531.66,798.18 531.66,798.18
             531.66,798.18 530.91,805.18 530.91,805.18
             527.91,830.44 514.27,850.70 488.76,867.59
             473.88,877.22 471.25,881.34 474.13,889.72
             476.50,896.35 481.51,899.85 488.39,899.73
             492.64,899.60 496.26,898.23 503.89,893.60
             529.91,877.84 548.42,855.96 557.30,830.44
             558.92,825.94 560.67,822.31 561.30,822.31
             564.68,822.31 578.56,842.57 581.06,851.45
             583.56,859.96 582.81,878.09 579.68,887.10
             576.93,894.60 578.06,900.86 582.81,905.73
             589.31,912.24 601.32,909.36 605.70,900.23
             612.20,886.60 614.58,863.21 610.95,847.33
             606.45,826.57 589.94,803.30 567.93,786.54
             563.93,783.42 563.68,782.54 561.42,768.78
             557.05,741.40 548.67,715.01 538.16,695.37
             535.04,689.49 525.28,673.73 516.53,660.35
             507.77,646.97 498.64,631.96 496.14,627.21
             491.14,617.08 487.13,606.82 488.01,605.95
             488.26,605.57 490.39,606.07 492.51,606.82
             496.01,608.20 496.89,608.07 499.89,605.82
             504.02,602.70 505.14,598.82 503.77,592.82
             501.77,583.94 502.52,578.56 506.27,575.06
             515.52,566.30 536.16,560.80 555.05,561.80
             568.68,562.67 575.93,565.80 585.31,575.31
             593.57,583.44 598.82,593.19 608.20,617.83
             617.95,643.34 623.21,655.35 629.21,665.73
             646.72,695.75 668.23,713.76 716.01,737.89
             747.15,753.65 754.28,756.65 761.78,756.65
             767.41,756.65 768.66,756.15 772.41,752.40
             776.16,748.65 776.66,747.40 776.66,741.52
             776.66,735.52 776.29,734.64 771.79,730.51
             769.03,727.89 762.66,724.26 756.53,721.76
             740.39,715.13 711.13,699.87 697.87,690.99
             669.86,672.36 658.60,656.22 641.09,610.33
             630.59,583.06 623.46,567.93 615.95,558.17
             597.69,533.78 568.43,522.78 536.91,528.28
             522.65,530.78 507.90,536.04 498.39,542.04
             494.51,544.67 491.01,546.42 490.64,546.17
             490.39,545.79 490.89,541.41 491.89,536.41
             491.89,536.41 493.51,527.16 493.51,527.16
             493.51,527.16 500.52,526.41 500.52,526.41
             512.40,525.15 521.15,518.28 527.53,505.27
             529.91,500.27 534.03,487.63 534.03,485.01
             534.03,483.01 535.29,482.76 547.67,482.76
             555.05,482.76 564.18,483.26 567.68,484.01
             575.93,485.51 590.81,492.51 608.70,503.14
             639.59,521.53 658.73,528.91 685.12,532.91
             703.50,535.66 723.01,531.53 743.77,520.28
             761.78,510.65 778.92,496.01 803.18,469.88
             823.19,448.11 862.71,400.96 864.34,396.84
             869.59,383.08 854.96,370.57 841.20,377.08
             836.95,379.08 830.32,386.83 814.18,408.22
             793.55,435.48 763.03,468.50 747.27,480.51
             723.76,498.27 705.50,503.14 681.99,498.02
             666.36,494.51 655.97,489.89 629.09,474.63
             616.33,467.37 601.70,460.00 596.57,458.12
             591.44,456.37 586.81,454.49 586.19,453.99
             585.69,453.62 587.69,451.87 590.56,450.24
             600.95,444.61 621.08,430.23 629.46,422.73
             648.72,405.22 660.98,382.70 665.48,356.82
             667.23,346.43 666.36,313.17 663.60,292.66
             662.48,284.78 660.48,269.52 659.10,258.89
             652.85,210.49 657.23,184.72 684.99,106.31
             698.25,68.91 699.87,49.53 690.87,38.77
             686.74,34.02 679.36,31.89 673.48,33.77
             666.86,35.89 663.35,39.40 655.10,51.78
             625.33,96.18 601.20,120.69 566.30,141.45
             545.79,153.58 529.91,158.33 490.26,163.84
             437.23,171.09 413.47,177.22 388.83,189.73
             374.82,196.85 367.95,201.86 356.69,212.99
             330.18,239.13 314.17,282.78 313.92,329.55
             313.92,329.55 313.79,340.81 313.79,340.81
             313.79,340.81 307.29,333.68 307.29,333.68
             287.65,312.42 281.90,289.03 290.15,263.64
             294.03,251.63 295.28,249.01 324.17,192.60
             341.18,159.08 347.06,145.20 351.69,126.94
             360.94,90.17 345.56,62.53 304.54,42.15
             292.41,36.14 261.64,25.01 257.26,25.01
             255.76,25.01 252.13,26.14 249.26,27.39 Z" />
</svg>
