<?xml version="1.0" encoding="UTF-8" standalone="no"?>
<!DOCTYPE svg PUBLIC "-//W3C//DTD SVG 20010904//EN"
              "http://www.w3.org/TR/2001/REC-SVG-20010904/DTD/svg10.dtd">

<svg xmlns="http://www.w3.org/2000/svg"
     width="10.4222in" height="10.4222in"
     viewBox="0 0 938 938">
  <path id="Imported Path"
        fill="none" stroke="black" stroke-width="1"
        d="M 429.35,721.88
           C 427.85,723.51 425.85,726.89 424.85,729.39
             421.72,737.02 412.97,749.65 394.71,772.91
             374.20,799.18 371.07,805.18 370.95,817.31
             370.82,824.81 371.45,827.19 375.07,834.44
             379.83,843.82 397.59,864.46 404.84,868.84
             415.22,875.09 427.35,871.21 431.86,860.33
             435.61,851.45 433.61,846.45 420.72,832.69
             414.97,826.44 409.84,820.06 409.47,818.44
             408.84,816.06 411.22,811.43 420.35,797.05
             431.98,778.29 442.36,758.90 445.36,749.77
             448.99,738.64 446.49,722.13 440.86,719.88
             436.73,718.38 431.86,719.13 429.35,721.88 Z
           M 355.56,291.41
           C 344.68,297.91 345.18,316.17 356.31,322.05
             368.57,328.30 382.70,320.05 382.70,306.66
             382.70,296.03 375.70,288.90 365.19,288.90
             361.82,288.90 357.94,289.90 355.56,291.41 Z
           M 456.87,261.39
           C 445.99,267.89 446.49,286.15 457.62,292.03
             469.88,298.28 484.01,290.03 484.01,276.65
             484.01,266.02 477.00,258.89 466.50,258.89
             463.12,258.89 459.24,259.89 456.87,261.39 Z
           M 678.49,142.58
           C 665.73,147.58 658.10,157.46 654.72,173.59
             653.72,178.35 651.97,195.98 650.97,212.74
             646.97,277.15 643.59,302.29 630.21,371.07
             630.21,371.07 628.96,377.58 628.96,377.58
             628.96,377.58 624.46,374.45 624.46,374.45
             618.20,370.20 612.33,370.45 607.70,375.07
             604.95,377.95 604.07,379.95 604.07,383.83
             604.07,389.21 604.82,390.21 618.45,405.22
             627.96,415.72 642.84,434.48 651.35,446.99
             651.35,446.99 659.10,458.12 659.10,458.12
             659.10,458.12 656.47,461.62 656.47,461.62
             652.47,467.25 652.10,472.75 655.47,477.00
             658.10,480.26 658.73,480.51 664.35,479.88
             664.35,479.88 670.36,479.13 670.36,479.13
             670.36,479.13 673.36,485.01 673.36,485.01
             677.49,493.26 684.99,515.77 686.87,526.16
             687.87,531.41 688.49,544.54 688.49,560.30
             688.49,582.81 688.12,587.44 685.49,598.44
             672.98,651.85 644.47,691.12 606.45,707.50
             564.18,725.76 510.77,721.63 450.24,695.37
             406.34,676.36 375.07,648.85 357.44,613.45
             352.31,603.32 346.18,585.56 343.93,574.31
             343.93,574.31 342.31,566.43 342.31,566.43
             342.31,566.43 347.31,561.17 347.31,561.17
             356.82,551.42 358.82,543.79 353.19,538.16
             350.06,535.04 346.81,534.79 340.93,537.16
             338.56,538.16 338.56,537.41 339.31,509.77
             339.31,509.77 340.18,481.26 340.18,481.26
             340.18,481.26 343.93,477.75 343.93,477.75
             348.44,473.50 348.81,468.37 345.06,463.50
             345.06,463.50 342.43,460.12 342.43,460.12
             342.43,460.12 345.18,440.86 345.18,440.86
             348.69,416.35 350.56,408.22 352.56,408.72
             355.31,409.34 385.33,406.47 397.09,404.47
             429.73,398.96 469.50,386.33 496.64,372.70
             519.78,361.07 543.54,341.18 552.54,326.05
             571.80,293.91 566.43,251.76 537.54,208.74
             529.66,196.85 513.40,179.47 506.14,175.09
             499.64,171.09 493.26,171.84 488.14,176.97
             484.01,181.10 483.76,181.85 484.38,187.22
             484.88,191.98 485.88,193.85 489.39,196.98
             491.76,198.98 497.27,203.98 501.77,207.86
             517.90,221.87 532.41,245.63 537.66,266.27
             543.41,289.03 539.54,305.16 524.40,321.55
             501.39,346.43 454.12,368.07 400.21,378.33
             383.20,381.58 353.31,382.20 338.43,379.70
             302.29,373.57 274.90,355.19 264.89,330.43
             262.51,324.30 262.01,321.05 262.01,308.29
             262.14,291.03 264.52,278.77 270.77,263.27
             276.15,250.13 276.65,245.63 273.15,242.13
             270.39,239.25 264.27,239.63 258.39,243.13
             242.13,252.76 227.37,290.53 229.25,317.79
             232.12,359.44 268.14,394.09 319.17,404.09
             323.17,404.84 326.42,405.72 326.42,405.84
             326.42,405.97 324.42,412.09 322.05,419.35
             319.67,426.73 317.04,436.48 316.29,441.11
             315.42,445.74 314.54,449.86 314.42,449.99
             313.79,450.87 289.78,435.11 277.90,425.98
             260.01,412.22 241.63,396.34 214.24,370.70
             201.11,358.32 187.73,346.93 184.72,345.43
             178.35,342.18 167.96,341.81 162.84,344.43
             154.96,348.56 151.08,354.94 143.70,375.20
             128.69,417.22 119.81,437.98 99.80,479.01
             74.41,530.53 73.79,532.16 73.79,538.79
             73.79,545.54 75.92,549.42 81.29,552.17
             86.17,554.67 91.17,554.55 95.93,551.54
             100.30,548.92 101.93,546.17 107.43,532.53
             109.43,527.41 118.56,507.15 127.57,487.63
             144.08,452.12 158.46,419.47 167.84,395.84
             170.59,388.96 173.34,382.83 173.97,382.20
             175.09,380.95 175.47,381.33 208.11,410.09
             236.50,435.11 249.26,445.36 266.39,456.87
             278.40,464.87 297.66,475.13 307.04,478.51
             307.04,478.51 310.79,479.88 310.79,479.88
             310.79,479.88 309.79,494.76 309.79,494.76
             309.29,502.89 309.16,518.15 309.67,528.53
             309.67,528.53 310.42,547.42 310.42,547.42
             310.42,547.42 301.16,548.79 301.16,548.79
             296.16,549.54 283.65,550.79 273.27,551.42
             263.02,552.17 246.88,553.29 237.63,553.92
             228.37,554.67 217.87,556.05 214.49,557.05
             201.36,561.05 191.98,573.56 188.35,591.82
             185.35,606.45 184.97,611.83 182.72,669.73
             180.47,729.01 180.60,731.14 186.60,737.52
             190.10,741.15 196.60,743.27 201.48,742.27
             206.86,741.02 213.11,735.14 214.86,729.51
             215.74,726.39 216.49,706.75 216.87,673.48
             217.12,645.22 217.99,617.95 218.87,612.83
             220.37,602.82 223.49,591.57 224.87,591.57
             225.37,591.57 237.63,590.19 252.01,588.44
             276.77,585.56 299.78,581.94 310.54,579.18
             314.92,578.18 315.42,578.31 316.54,581.18
             317.17,582.81 317.67,584.94 317.67,585.94
             317.67,586.81 319.42,592.57 321.55,598.69
             328.80,619.21 340.93,641.09 352.56,654.35
             355.44,657.48 357.69,660.98 357.69,662.10
             357.69,664.98 335.18,687.87 320.80,699.75
             313.92,705.38 299.53,716.38 288.90,724.39
             278.27,732.27 267.64,740.89 265.27,743.52
             254.14,756.28 253.64,767.78 263.27,792.92
             267.77,804.55 276.65,831.32 282.90,851.58
             286.15,861.96 287.90,865.59 292.03,870.09
             296.53,875.09 297.91,875.84 303.41,876.34
             314.17,877.47 322.67,870.46 322.67,860.71
             322.67,857.21 315.04,833.69 297.16,781.92
             294.66,774.91 292.66,768.66 292.66,768.03
             292.66,767.53 298.66,762.28 306.16,756.53
             340.18,729.89 363.82,706.13 374.57,687.49
             376.45,684.24 378.45,681.61 378.95,681.61
             379.58,681.61 384.71,684.99 390.46,689.12
             420.47,710.63 463.25,728.64 505.64,737.52
             520.40,740.64 524.78,741.02 546.54,741.02
             565.18,741.02 573.31,740.52 581.18,738.77
             629.84,728.26 662.60,702.12 686.12,654.72
             686.12,654.72 694.50,638.22 694.50,638.22
             694.50,638.22 700.25,640.09 700.25,640.09
             703.88,641.34 713.26,642.22 726.01,642.72
             726.01,642.72 745.90,643.47 745.90,643.47
             745.90,643.47 746.90,647.85 746.90,647.85
             747.40,650.22 748.40,660.35 749.15,670.36
             750.78,691.12 752.90,697.62 759.40,701.62
             767.28,706.38 778.54,704.25 783.67,696.75
             787.54,691.37 787.92,686.62 786.04,669.86
             781.79,630.84 777.16,618.08 764.78,610.83
             757.15,606.45 749.65,606.70 723.51,612.70
             711.88,615.45 702.12,617.45 701.87,617.20
             701.62,616.95 702.87,610.45 704.63,602.57
             708.50,585.06 710.88,561.30 709.75,549.67
             709.75,549.67 709.00,540.91 709.00,540.91
             709.00,540.91 717.76,539.29 717.76,539.29
             730.51,536.91 757.28,526.41 780.67,514.52
             780.67,514.52 786.54,511.52 786.54,511.52
             786.54,511.52 789.55,521.90 789.55,521.90
             791.30,527.53 793.30,534.91 794.17,538.41
             797.68,552.29 804.43,559.05 815.06,559.05
             826.57,559.05 833.94,548.67 831.82,535.54
             830.57,528.28 823.81,505.14 819.56,493.76
             815.18,481.88 808.43,474.63 799.55,472.00
             788.30,468.75 784.17,470.25 751.65,489.64
             726.01,504.89 705.75,515.65 705.00,514.40
             704.63,513.77 703.50,509.90 702.37,505.64
             701.25,501.39 697.62,491.14 694.25,482.76
             694.25,482.76 688.24,467.75 688.24,467.75
             688.24,467.75 701.50,457.99 701.50,457.99
             725.76,440.11 754.15,413.72 783.17,381.70
             787.67,376.83 792.05,372.70 792.80,372.70
             793.55,372.70 796.42,374.20 799.18,375.95
             809.06,382.45 821.31,380.70 826.69,372.07
             829.44,367.70 829.94,359.94 827.94,354.69
             826.07,349.56 817.44,342.18 807.43,337.05
             799.05,332.80 797.43,332.43 790.67,332.93
             778.92,333.80 774.04,337.55 749.65,365.19
             730.64,386.83 676.61,441.49 674.36,441.49
             673.86,441.49 671.11,437.61 668.23,432.98
             665.48,428.35 658.85,418.60 653.60,411.34
             648.35,403.97 644.09,397.46 644.09,396.84
             644.09,396.09 645.22,394.59 646.72,393.21
             653.22,387.33 663.73,359.57 669.61,332.68
             675.74,304.79 678.74,281.53 684.74,216.99
             686.49,198.36 688.49,181.35 689.24,178.97
             690.62,174.84 690.74,174.84 696.87,175.47
             705.00,176.47 722.39,183.97 734.77,191.85
             743.77,197.61 745.40,198.23 752.03,198.23
             758.90,198.23 759.65,197.98 763.66,193.60
             767.16,189.60 767.91,187.98 767.91,183.10
             767.91,179.85 766.91,175.72 765.78,173.59
             758.90,162.09 710.25,139.95 691.87,140.20
             687.99,140.20 681.99,141.33 678.49,142.58 Z
           M 193.35,105.06
           C 185.10,107.68 178.47,118.44 173.97,137.07
             168.21,160.21 167.71,176.59 172.09,191.60
             174.97,201.36 182.47,214.86 186.60,217.74
             194.35,223.24 204.86,221.37 210.61,213.49
             214.36,208.36 213.99,199.61 209.61,192.23
             206.36,186.60 202.98,173.09 204.36,171.59
             204.86,171.22 207.24,173.34 209.74,176.22
             225.12,194.23 245.01,206.11 266.89,210.11
             281.90,212.86 300.41,209.24 303.79,202.86
             308.04,194.85 303.66,190.23 287.78,185.72
             259.14,177.72 242.25,165.09 231.75,143.83
             227.25,134.57 221.37,121.56 221.37,120.56
             221.37,120.31 219.99,117.81 218.24,115.31
             212.86,107.18 201.48,102.55 193.35,105.06 Z
           M 380.95,31.64
           C 378.20,33.14 374.82,36.02 373.45,37.90
             369.70,43.02 369.95,55.53 374.32,74.79
             377.45,89.05 377.70,92.05 377.70,119.81
             377.83,157.96 378.95,162.96 387.71,162.96
             392.08,162.96 396.96,158.96 400.21,152.58
             406.09,140.83 412.09,103.68 411.22,83.79
             411.22,83.79 410.84,72.79 410.84,72.79
             410.84,72.79 415.85,75.42 415.85,75.42
             424.98,80.42 435.86,92.67 441.36,104.06
             448.74,119.31 450.74,128.32 449.74,141.95
             448.99,151.58 449.24,153.83 451.24,157.58
             457.87,169.72 476.13,169.34 482.13,156.83
             493.76,132.20 476.75,81.29 448.24,56.03
             439.98,48.65 432.86,43.90 420.85,37.77
             402.21,28.39 389.96,26.51 380.95,31.64 Z" />
</svg>
