<?xml version="1.0" encoding="UTF-8" standalone="no"?>
<!DOCTYPE svg PUBLIC "-//W3C//DTD SVG 20010904//EN"
              "http://www.w3.org/TR/2001/REC-SVG-20010904/DTD/svg10.dtd">

<svg xmlns="http://www.w3.org/2000/svg"
     width="10.4222in" height="10.4222in"
     viewBox="0 0 938 938">
  <path id="Imported Path"
        fill="none" stroke="black" stroke-width="1"
        d="M 800.80,465.25
           C 789.92,471.75 790.42,490.01 801.55,495.89
             813.81,502.14 827.94,493.89 827.94,480.51
             827.94,469.88 820.94,462.75 810.43,462.75
             807.06,462.75 803.18,463.75 800.80,465.25 Z
           M 695.75,421.47
           C 684.87,427.98 685.37,446.24 696.50,452.12
             708.75,458.37 722.89,450.11 722.89,436.73
             722.89,426.10 715.88,418.97 705.38,418.97
             702.00,418.97 698.12,419.97 695.75,421.47 Z
           M 670.36,365.95
           C 634.59,370.82 610.83,381.95 590.06,403.72
             567.68,427.35 560.05,455.12 567.68,485.63
             572.93,506.14 581.81,521.90 597.69,538.16
             635.21,576.81 705.50,601.57 778.04,601.57
             806.55,601.57 829.94,596.57 846.70,586.94
             851.33,584.31 859.83,577.31 866.21,570.93
             879.84,557.30 886.85,544.79 890.10,527.91
             896.60,494.76 876.97,452.37 834.95,409.22
             826.57,400.59 821.44,398.34 815.31,400.46
             809.18,402.59 806.18,410.84 809.31,416.85
             810.18,418.22 817.06,425.73 824.69,433.36
             856.71,465.12 870.46,489.64 870.46,514.77
             870.46,531.66 865.09,543.54 851.08,557.92
             840.20,569.05 824.31,576.18 804.05,579.18
             790.30,581.18 743.52,579.93 728.51,577.18
             681.61,568.55 644.09,551.42 619.96,527.41
             604.32,511.90 595.57,495.64 592.69,476.75
             589.69,457.49 596.19,440.48 612.83,423.98
             628.96,407.97 646.09,401.09 678.49,397.59
             694.37,395.96 735.52,396.84 768.41,399.46
             780.29,400.46 790.67,400.84 792.17,400.21
             801.68,396.59 799.93,385.96 788.55,378.95
             770.29,367.82 707.88,360.94 670.36,365.95 Z
           M 422.10,317.04
           C 404.34,318.92 388.71,321.30 369.82,325.30
             362.94,326.80 355.81,327.67 353.94,327.17
             351.56,326.80 348.56,327.42 344.93,329.43
             341.93,330.93 333.68,334.18 326.42,336.43
             242.00,362.94 187.10,404.47 155.96,465.50
             142.70,491.51 136.95,515.77 137.07,545.92
             137.07,563.55 139.32,583.69 142.08,590.69
             142.45,591.69 140.70,592.82 137.07,593.94
             130.82,595.69 114.44,606.07 97.30,618.83
             76.04,634.84 69.29,641.09 66.29,647.22
             59.03,662.23 67.41,677.24 83.17,677.11
             95.05,676.86 155.71,659.35 163.09,653.97
             166.34,651.60 166.84,651.47 168.09,653.22
             168.84,654.22 173.09,660.35 177.59,666.86
             188.23,682.24 212.61,706.50 227.00,716.26
             271.39,746.15 320.67,754.90 385.21,744.02
             444.11,734.14 513.40,704.75 564.55,668.11
             595.19,646.09 632.84,606.57 632.84,596.44
             632.84,591.57 627.83,586.56 623.08,586.56
             618.58,586.56 615.33,589.69 608.57,600.19
             572.56,655.97 491.89,708.13 408.59,729.26
             391.33,733.64 367.07,737.89 359.69,737.89
             354.56,737.89 354.44,737.77 352.94,732.39
             351.94,728.39 349.06,724.26 343.06,717.63
             293.28,663.98 264.77,584.56 273.02,522.78
             276.52,496.26 283.03,471.50 292.66,447.24
             296.78,436.86 301.91,426.73 300.91,430.85
             297.66,444.74 293.03,479.13 290.78,505.27
             287.53,542.41 288.65,570.05 294.66,599.94
             303.66,645.34 328.43,694.50 343.56,697.37
             352.56,699.12 361.32,690.99 359.69,682.49
             359.32,680.36 355.31,673.23 350.81,666.73
             334.43,642.22 324.05,613.83 319.42,580.93
             316.92,562.67 317.54,512.77 320.67,490.89
             327.67,441.36 339.31,394.59 353.56,359.69
             357.57,349.94 356.82,350.31 375.20,347.06
             406.22,341.56 445.74,339.18 472.00,341.31
             481.51,342.18 490.14,343.18 491.01,343.68
             492.14,344.31 491.51,346.31 488.14,351.44
             465.62,386.46 452.87,460.50 459.49,517.15
             462.25,540.29 468.37,566.55 474.75,583.31
             475.75,585.94 476.38,588.31 476.13,588.56
             475.38,589.31 468.12,570.43 462.12,552.17
             451.24,518.90 446.49,490.26 446.49,457.74
             446.49,419.85 454.12,391.21 469.63,370.82
             479.63,357.82 481.01,353.44 476.50,348.94
             471.00,343.43 459.87,347.81 447.11,360.69
             430.60,377.33 421.85,400.59 418.97,436.11
             415.72,476.25 427.73,534.16 451.62,594.32
             472.13,645.84 490.64,670.23 512.90,675.23
             526.03,678.24 534.66,665.73 525.91,656.60
             525.91,656.60 522.65,653.22 522.65,653.22
             522.65,653.22 525.91,651.10 525.91,651.10
             530.16,648.35 533.03,641.34 532.03,636.84
             531.53,634.96 527.78,628.46 523.78,622.21
             504.64,593.57 491.64,557.67 486.51,519.90
             483.76,498.64 485.13,462.50 489.76,435.86
             495.14,404.72 500.39,386.58 513.90,352.44
             513.90,352.44 515.15,349.06 515.15,349.06
             515.15,349.06 523.65,351.94 523.65,351.94
             536.91,356.44 555.17,365.82 568.05,374.57
             591.19,390.58 595.07,392.21 600.32,387.96
             606.32,383.08 603.20,373.70 590.81,360.44
             570.30,338.18 535.04,322.55 493.26,317.04
             476.00,314.79 444.86,314.79 422.10,317.04 Z
           M 296.66,373.57
           C 278.40,395.59 260.14,434.61 251.38,470.75
             239.00,521.78 239.50,559.67 253.39,609.70
             264.64,650.47 290.15,699.12 318.42,733.77
             318.42,733.77 321.80,737.89 321.80,737.89
             321.80,737.89 318.04,737.89 318.04,737.89
             307.29,737.89 280.77,731.39 265.77,725.01
             211.11,702.00 166.46,644.34 154.21,580.93
             150.96,564.18 151.33,533.66 154.96,516.78
             162.46,481.51 179.85,451.49 208.99,423.35
             227.12,405.97 244.26,393.83 267.64,382.08
             279.15,376.20 298.41,367.82 300.54,367.70
             301.16,367.70 299.41,370.32 296.66,373.57 Z
           M 150.83,618.58
           C 151.83,621.08 152.58,623.21 152.33,623.33
             151.08,624.21 136.82,627.58 136.45,627.08
             135.95,626.58 147.58,614.08 148.58,614.08
             148.70,614.08 149.83,616.08 150.83,618.58 Z
           M 238.00,131.45
           C 209.86,135.07 188.60,146.95 171.34,168.71
             158.96,184.35 151.33,203.48 151.33,218.87
             151.33,231.62 157.58,250.01 166.59,263.39
             179.10,282.15 196.10,296.28 220.99,308.79
             236.25,316.42 243.13,317.17 248.26,312.04
             251.88,308.54 252.51,301.04 249.51,296.66
             248.38,295.16 241.50,290.91 234.12,287.03
             210.24,274.90 193.98,259.76 185.10,241.75
             179.47,230.50 178.47,216.99 182.35,205.98
             187.47,191.60 203.11,173.97 215.99,167.96
             223.99,164.21 239.00,161.34 250.01,161.34
             266.39,161.34 280.52,165.21 299.53,174.84
             319.05,184.85 335.43,204.36 341.06,224.37
             342.06,227.87 343.56,240.13 344.56,251.51
             346.68,277.40 348.31,281.40 357.19,281.40
             359.32,281.40 360.19,282.15 360.19,283.78
             360.19,286.78 365.69,293.53 368.95,294.53
             370.20,294.91 372.95,294.41 375.07,293.41
             377.95,291.91 379.33,289.78 381.45,283.03
             393.71,245.26 427.73,213.86 472.38,198.98
             505.14,187.98 537.66,187.10 571.18,196.35
             586.69,200.61 599.94,208.74 606.70,217.99
             614.20,228.25 610.08,242.13 595.44,256.39
             590.81,260.89 586.31,265.77 585.56,267.27
             582.94,272.02 583.81,277.27 587.69,281.65
             590.81,285.15 592.19,285.78 596.94,285.65
             609.70,285.40 628.96,264.52 635.46,244.01
             647.60,205.11 615.70,173.84 553.42,163.71
             538.54,161.34 506.02,161.59 491.01,164.34
             459.75,169.97 430.35,181.47 408.97,196.48
             398.46,203.86 383.45,218.37 378.20,226.37
             378.20,226.37 374.70,231.75 374.70,231.75
             374.70,231.75 373.20,222.49 373.20,222.49
             367.70,188.98 344.81,159.84 312.17,145.08
             299.53,139.32 281.53,133.95 268.27,131.95
             254.76,129.94 250.01,129.82 238.00,131.45 Z" />
</svg>
