<?xml version="1.0" encoding="UTF-8" standalone="no"?>
<!DOCTYPE svg PUBLIC "-//W3C//DTD SVG 20010904//EN"
              "http://www.w3.org/TR/2001/REC-SVG-20010904/DTD/svg10.dtd">

<svg xmlns="http://www.w3.org/2000/svg"
     width="10.4222in" height="10.4222in"
     viewBox="0 0 938 938">
  <path id="Imported Path"
        fill="none" stroke="black" stroke-width="1"
        d="M 424.35,177.59
           C 413.47,184.10 413.97,202.36 425.10,208.24
             437.36,214.49 451.49,206.23 451.49,192.85
             451.49,182.22 444.49,175.09 433.98,175.09
             430.60,175.09 426.73,176.09 424.35,177.59 Z
           M 551.54,19.89
           C 542.79,22.64 516.40,39.40 485.26,61.91
             414.10,113.19 374.95,164.71 365.69,219.49
             361.94,242.00 365.95,281.90 374.57,306.66
             376.20,311.42 376.95,315.17 376.20,315.17
             373.57,315.17 354.19,293.91 348.31,284.65
             331.05,256.89 323.92,229.37 323.92,190.10
             323.92,163.34 326.30,144.45 333.18,115.31
             335.68,105.06 337.68,93.93 337.68,90.55
             337.68,76.29 324.55,68.04 313.04,75.17
             297.03,85.05 233.00,171.34 194.23,235.13
             165.71,282.03 129.57,351.06 102.93,409.59
             78.67,463.00 41.40,552.04 40.40,559.30
             38.40,573.31 52.53,580.18 62.16,569.93
             64.16,567.80 70.29,560.05 75.79,552.79
             87.17,537.66 116.94,507.27 132.57,494.76
             156.83,475.50 189.60,456.49 198.61,456.49
             205.36,456.49 209.24,461.00 213.49,473.75
             214.86,478.00 215.61,486.88 215.99,505.52
             216.62,531.16 215.87,544.92 211.86,577.06
             209.49,595.69 210.36,600.70 216.49,605.82
             222.99,611.33 233.87,609.20 239.38,601.32
             259.14,573.18 265.89,563.93 275.65,551.67
             294.66,527.78 318.29,504.14 329.93,497.39
             329.93,497.39 333.80,495.14 333.80,495.14
             333.80,495.14 336.93,505.27 336.93,505.27
             340.93,517.78 343.93,523.65 348.56,528.03
             357.57,536.66 368.70,535.91 380.95,525.91
             380.95,525.91 386.21,521.65 386.21,521.65
             386.21,521.65 388.96,529.16 388.96,529.16
             395.34,546.92 407.47,561.80 424.60,573.06
             429.48,576.18 444.11,584.19 457.12,590.94
             506.65,616.45 528.53,633.34 550.92,663.10
             571.43,690.24 583.69,717.76 591.07,752.90
             597.19,782.54 596.32,825.82 589.19,844.07
             586.06,851.70 585.94,856.21 588.31,862.58
             589.31,865.21 590.44,868.96 590.94,870.96
             592.19,876.72 595.19,880.22 600.82,882.35
             608.57,885.35 614.95,883.35 621.33,875.97
             633.09,862.71 649.35,829.69 659.60,798.43
             665.85,779.67 668.11,767.03 668.73,746.52
             669.36,729.64 669.11,725.14 666.61,712.75
             661.85,688.62 653.72,669.86 639.97,650.97
             635.84,645.34 619.33,627.83 602.32,610.95
             569.43,578.43 565.55,573.31 561.42,557.42
             559.55,550.54 559.05,544.04 559.05,528.66
             559.05,510.15 559.17,508.77 561.30,509.65
             572.43,514.27 579.93,514.52 598.69,510.77
             603.70,509.77 608.57,509.02 609.70,509.02
             610.83,509.02 616.83,513.90 623.08,519.78
             653.85,548.92 675.99,544.29 700.12,503.52
             704.25,496.51 711.13,484.76 715.63,477.25
             720.01,469.75 724.51,463.00 725.64,462.25
             728.39,460.62 736.77,466.87 761.03,488.39
             798.05,521.15 806.05,526.53 818.94,527.53
             828.82,528.16 832.94,526.66 838.82,519.78
             845.20,512.52 847.20,504.52 846.33,488.51
             845.95,480.88 844.45,469.50 843.07,463.37
             837.20,436.73 826.82,394.71 813.56,344.56
             784.04,232.00 772.66,173.34 761.78,76.04
             761.03,70.04 759.91,62.91 759.15,60.16
             757.40,53.40 751.65,48.03 745.40,46.90
             735.02,45.15 726.14,52.90 721.01,68.16
             717.88,77.79 710.75,97.80 704.13,115.69
             675.86,191.98 644.97,239.00 580.68,303.54
             580.68,303.54 558.55,325.80 558.55,325.80
             558.55,325.80 554.55,317.04 554.55,317.04
             552.29,312.17 548.92,303.54 546.92,297.66
             543.91,288.53 543.41,285.15 543.54,273.27
             543.54,260.89 543.91,258.39 547.67,248.63
             552.17,236.50 563.30,216.62 580.31,189.85
             594.69,167.34 608.32,140.07 611.83,126.69
             614.20,117.56 614.33,115.81 612.83,110.56
             610.95,104.06 605.57,97.18 600.19,94.30
             598.32,93.42 593.32,92.55 589.19,92.55
             582.81,92.55 580.18,93.30 571.93,97.68
             566.55,100.55 557.80,105.81 552.54,109.56
             547.17,113.19 542.79,115.69 542.79,115.19
             542.79,114.69 544.17,110.06 545.92,104.93
             550.54,91.42 558.67,78.04 564.93,73.41
             572.43,68.16 575.31,61.41 576.18,47.78
             576.81,37.90 576.56,35.89 574.18,30.77
             569.93,22.26 559.80,17.26 551.54,19.89 Z
           M 510.27,88.67
           C 508.90,92.30 506.02,100.68 504.02,107.31
             501.89,113.94 497.39,127.82 494.01,138.20
             484.26,167.34 484.13,175.34 493.26,184.47
             499.14,190.35 504.14,192.10 511.15,190.73
             514.65,190.10 518.53,187.10 528.91,176.59
             542.04,163.34 560.92,147.83 562.30,149.20
             562.67,149.58 559.80,155.08 555.80,161.59
             521.15,217.99 514.27,231.37 509.40,251.51
             506.65,263.27 506.65,280.65 509.40,292.28
             512.40,305.04 520.65,327.80 526.66,339.68
             526.66,339.68 531.66,349.81 531.66,349.81
             531.66,349.81 527.16,356.31 527.16,356.31
             522.03,364.07 521.78,366.32 525.66,370.95
             529.41,375.33 535.16,375.33 544.67,370.82
             573.31,357.19 627.33,303.29 663.85,251.76
             688.24,217.24 713.51,169.72 733.02,121.56
             735.14,116.31 737.52,110.56 738.14,108.81
             739.27,106.18 740.02,108.68 743.02,125.07
             749.15,157.46 752.90,175.84 758.65,201.36
             766.78,237.38 768.91,246.26 785.42,312.67
             810.18,411.97 821.69,468.37 821.69,490.39
             821.69,499.77 821.31,502.77 820.06,502.77
             815.81,502.77 804.18,493.01 780.54,469.75
             746.02,435.86 738.27,430.23 726.26,430.23
             718.76,430.23 709.00,435.36 703.00,442.61
             700.25,445.74 692.49,457.62 685.49,468.75
             672.73,489.51 664.73,500.64 660.23,503.77
             658.10,505.27 657.35,505.14 654.22,502.52
             652.22,500.89 647.47,495.89 643.59,491.39
             631.21,476.75 621.33,472.00 606.20,473.13
             601.20,473.50 592.57,474.50 586.94,475.38
             577.31,476.88 576.56,476.88 573.93,474.50
             569.80,470.88 566.18,464.50 560.92,451.74
             555.17,437.73 550.79,433.48 542.29,433.73
             532.91,433.86 526.53,440.23 526.53,449.49
             526.53,451.87 527.91,458.24 529.53,463.50
             529.53,463.50 532.66,473.13 532.66,473.13
             532.66,473.13 530.28,483.26 530.28,483.26
             523.90,510.40 522.28,554.80 527.03,569.55
             533.28,588.81 544.29,604.57 563.80,622.58
             597.69,653.60 610.58,667.61 620.21,683.74
             626.33,694.12 632.21,711.88 634.96,727.89
             636.71,738.02 636.84,742.02 635.59,755.28
             634.34,768.28 629.59,791.30 628.33,790.05
             628.08,789.92 627.33,783.54 626.58,776.04
             620.58,715.51 601.20,669.11 563.68,625.21
             544.04,602.20 517.15,582.94 468.12,556.42
             455.24,549.42 441.24,541.29 436.98,538.41
             424.48,529.41 417.10,518.90 412.59,502.77
             409.72,492.89 409.59,489.14 412.09,484.51
             415.97,477.00 412.85,467.37 405.34,463.37
             397.46,459.37 389.46,462.25 382.70,471.75
             371.45,487.63 368.57,491.51 367.82,491.51
             367.32,491.51 365.44,488.39 363.57,484.63
             356.31,469.88 344.93,461.75 333.30,463.00
             314.79,465.12 286.90,491.51 245.01,546.54
             245.01,546.54 241.75,550.79 241.75,550.79
             241.75,550.79 242.38,530.78 242.38,530.78
             243.63,487.89 237.63,457.37 225.12,441.49
             216.87,431.10 200.98,427.23 186.10,432.11
             164.09,439.36 127.57,465.50 94.80,497.64
             89.42,502.77 85.05,506.77 85.05,506.39
             85.05,505.02 102.05,460.12 109.43,442.11
             122.07,411.22 132.70,387.83 150.33,352.69
             182.97,287.28 215.74,234.00 255.51,181.35
             269.77,162.46 298.91,127.19 299.66,127.82
             299.78,128.07 299.28,134.45 298.28,141.95
             291.28,199.36 297.78,247.26 317.79,288.03
             335.43,323.67 367.45,349.94 401.46,356.44
             416.60,359.44 427.73,355.44 427.73,347.19
             427.73,342.18 425.10,339.56 417.35,336.93
             414.10,335.80 411.22,334.55 410.84,333.93
             409.09,331.05 402.09,292.66 399.59,272.02
             396.59,247.76 397.09,225.37 400.84,210.61
             404.72,195.48 414.60,174.72 425.48,159.46
             434.86,146.08 462.87,117.56 477.88,105.93
             489.76,96.68 511.90,81.29 512.52,81.92
             512.65,82.04 511.77,85.17 510.27,88.67 Z" />
</svg>
