<?xml version="1.0" encoding="UTF-8" standalone="no"?>
<!DOCTYPE svg PUBLIC "-//W3C//DTD SVG 20010904//EN"
              "http://www.w3.org/TR/2001/REC-SVG-20010904/DTD/svg10.dtd">

<svg xmlns="http://www.w3.org/2000/svg"
     width="10.4222in" height="10.4222in"
     viewBox="0 0 938 938">
  <path id="Imported Path"
        fill="none" stroke="black" stroke-width="1"
        d="M 758.28,412.72
           C 747.40,419.22 747.90,437.48 759.03,443.36
             771.29,449.61 785.42,441.36 785.42,427.98
             785.42,417.35 778.41,410.22 767.91,410.22
             764.53,410.22 760.66,411.22 758.28,412.72 Z
           M 133.07,211.24
           C 123.19,215.74 121.44,221.74 118.19,262.64
             112.18,337.55 102.93,390.33 71.29,529.66
             54.40,603.95 49.78,630.09 49.65,653.47
             49.40,667.86 54.15,675.11 65.03,677.24
             72.29,678.61 69.66,679.99 131.95,639.22
             160.21,620.58 190.48,598.44 224.74,571.18
             277.52,529.28 358.07,467.75 360.19,467.75
             360.82,467.75 367.70,473.00 375.45,479.26
             433.36,526.78 474.88,548.29 530.28,559.55
             567.93,567.18 617.70,567.68 661.60,560.80
             710.25,553.17 763.53,532.91 819.31,500.77
             848.45,484.01 885.72,458.24 889.35,452.24
             892.98,446.24 892.48,439.86 887.85,434.61
             884.47,430.85 883.22,430.23 878.34,430.23
             871.46,430.23 869.34,431.35 859.21,440.23
             816.31,477.88 758.03,511.52 707.88,527.53
             674.48,538.16 650.85,541.66 607.20,542.41
             569.18,543.16 556.80,541.91 529.28,535.16
             492.64,526.16 459.75,510.52 423.35,484.88
             406.59,473.00 381.33,452.62 382.08,451.49
             383.08,449.99 413.47,428.48 440.86,409.97
             526.28,352.31 574.81,331.05 639.09,323.17
             680.24,318.17 726.76,324.42 769.16,340.81
             802.43,353.56 844.58,381.08 852.58,395.09
             856.58,402.21 858.71,403.97 863.09,403.97
             870.71,403.97 876.09,394.34 873.97,384.45
             869.09,361.94 831.57,330.93 788.92,314.04
             766.03,305.16 727.64,296.28 700.00,293.78
             664.35,290.40 620.46,296.03 578.56,309.04
             527.91,324.92 482.26,351.19 395.34,414.47
             378.83,426.60 364.82,436.48 364.44,436.48
             361.82,436.48 314.17,390.46 280.77,355.69
             246.51,319.92 219.87,290.15 185.60,249.51
             157.33,215.87 155.08,213.49 148.58,210.86
             142.58,208.24 139.32,208.36 133.07,211.24 Z
           M 175.97,284.53
           C 233.50,345.81 296.16,408.72 334.18,443.36
             334.18,443.36 343.81,452.24 343.81,452.24
             343.81,452.24 329.80,462.75 329.80,462.75
             322.05,468.62 308.16,479.26 298.91,486.51
             272.52,506.90 195.48,565.30 178.47,577.56
             152.33,596.44 127.57,611.95 94.55,629.71
             94.55,629.71 83.42,635.71 83.42,635.71
             83.42,635.71 84.29,623.33 84.29,623.33
             85.80,603.82 96.80,542.29 107.18,496.51
             120.31,437.98 140.32,332.18 146.58,287.78
             148.83,271.89 151.08,259.01 151.58,259.26
             152.08,259.39 162.96,270.77 175.97,284.53 Z" />
</svg>
