<?xml version="1.0" encoding="UTF-8" standalone="no"?>
<!DOCTYPE svg PUBLIC "-//W3C//DTD SVG 20010904//EN"
              "http://www.w3.org/TR/2001/REC-SVG-20010904/DTD/svg10.dtd">

<svg xmlns="http://www.w3.org/2000/svg"
     width="11.1111in" height="11.1111in"
     viewBox="0 0 1000 1000">
  <path id="Imported Path"
        fill="none" stroke="black" stroke-width="1"
        d="M 730.62,836.62
           C 722.25,845.00 723.12,851.75 734.38,865.62
             743.50,876.88 751.25,890.75 754.38,901.75
             760.25,921.75 749.13,942.88 727.00,953.75
             711.38,961.50 698.38,962.88 676.63,959.38
             661.00,956.88 651.38,953.12 635.62,943.50
             626.38,937.88 617.62,944.62 621.75,954.12
             627.88,968.25 647.50,981.00 674.75,988.38
             687.88,991.88 714.00,991.50 726.00,987.62
             755.12,978.25 773.50,961.88 783.50,936.38
             786.25,929.25 786.75,926.12 786.75,913.75
             786.88,901.50 786.38,897.88 783.50,888.75
             779.25,875.50 771.88,861.00 762.75,848.25
             753.88,836.00 749.00,832.50 740.88,832.50
             735.62,832.50 734.13,833.12 730.62,836.62 Z
           M 390.38,147.50
           C 379.50,154.00 380.00,172.25 391.13,178.12
             403.38,184.38 417.50,176.12 417.50,162.75
             417.50,152.12 410.50,145.00 400.00,145.00
             396.62,145.00 392.75,146.00 390.38,147.50 Z
           M 456.62,85.00
           C 445.75,91.50 446.25,109.75 457.38,115.62
             469.63,121.88 483.75,113.62 483.75,100.25
             483.75,89.62 476.75,82.50 466.25,82.50
             462.88,82.50 459.00,83.50 456.62,85.00 Z
           M 461.88,14.87
           C 414.12,25.25 357.00,74.38 330.38,128.12
             317.38,154.38 314.62,164.75 314.50,187.50
             314.38,201.50 314.88,206.37 317.38,215.50
             323.38,238.37 333.88,256.25 350.75,272.50
             365.12,286.38 378.12,294.50 399.12,303.25
             399.12,303.25 409.00,307.25 409.00,307.25
             409.00,307.25 402.38,308.12 402.38,308.12
             370.50,312.50 331.50,345.62 311.12,385.62
             308.12,391.50 305.12,396.25 304.50,396.25
             303.88,396.25 297.75,393.62 290.75,390.50
             276.50,383.87 219.38,361.75 212.00,359.88
             202.00,357.38 192.63,364.12 191.62,374.62
             191.12,379.50 191.62,381.50 194.00,385.00
             198.12,391.00 203.12,393.50 230.62,403.00
             256.00,411.88 287.62,424.25 292.00,427.00
             294.62,428.62 294.75,428.75 292.75,437.12
             289.75,450.62 290.12,478.12 293.62,490.62
             298.62,509.00 309.88,529.25 322.75,543.25
             322.75,543.25 327.50,548.38 327.50,548.38
             327.50,548.38 320.25,552.88 320.25,552.88
             311.00,558.62 297.00,573.12 289.38,585.00
             263.00,626.00 243.50,706.50 248.62,753.00
             252.88,791.88 265.38,820.88 290.62,850.38
             290.62,850.38 299.00,860.25 299.00,860.25
             299.00,860.25 296.12,862.12 296.12,862.12
             290.25,866.00 278.00,879.62 273.38,887.38
             258.50,912.38 253.88,937.62 261.00,954.12
             271.12,977.00 305.75,992.12 340.00,988.62
             374.62,985.12 402.13,970.62 424.00,944.12
             432.88,933.38 429.75,933.75 455.62,940.38
             490.12,949.12 513.75,952.50 542.38,952.50
             624.88,952.50 682.38,915.25 720.75,836.88
             741.63,794.12 749.75,756.12 746.50,717.12
             742.88,675.38 728.00,630.50 707.62,600.12
             698.25,586.12 678.50,563.00 673.25,559.88
             661.50,552.75 649.13,564.00 655.50,576.00
             656.50,577.88 661.88,583.25 667.38,588.00
             697.00,613.50 716.25,647.25 727.00,693.25
             730.38,707.12 730.62,709.88 730.62,735.62
             730.62,766.25 729.50,773.62 721.63,797.25
             701.75,857.00 670.12,897.50 626.38,919.38
             607.12,929.00 587.12,934.12 559.12,936.50
             544.00,937.75 538.38,937.62 520.38,935.88
             499.00,933.75 471.25,928.62 453.12,923.38
             453.12,923.38 443.12,920.50 443.12,920.50
             443.12,920.50 442.38,914.25 442.38,914.25
             441.38,906.12 439.25,903.00 432.75,899.75
             427.88,897.50 426.75,897.38 422.13,898.75
             419.25,899.62 415.12,902.12 412.88,904.50
             412.88,904.50 409.00,908.75 409.00,908.75
             409.00,908.75 401.62,905.50 401.62,905.50
             370.62,892.00 337.25,870.88 335.62,863.88
             334.62,859.12 330.38,855.38 324.75,854.38
             321.25,853.75 318.75,851.75 313.50,845.88
             285.12,813.50 272.50,781.38 272.50,741.12
             272.50,695.50 289.88,634.12 312.50,599.38
             319.50,588.75 332.12,575.50 341.13,569.38
             347.25,565.25 345.00,564.62 361.88,575.00
             380.00,586.25 411.38,598.62 432.50,603.00
             464.38,609.50 489.25,609.00 520.62,601.25
             580.88,586.38 630.62,547.62 656.63,495.62
             672.62,463.62 676.00,434.88 668.00,398.50
             667.25,395.25 668.00,394.62 680.50,386.62
             703.88,371.62 715.50,363.25 718.50,358.75
             726.12,347.50 715.25,332.00 701.50,334.50
             697.75,335.25 670.50,352.38 658.88,361.37
             657.25,362.75 655.50,363.75 655.00,363.75
             654.38,363.75 652.12,360.50 650.00,356.50
             642.38,343.12 625.38,323.12 616.25,317.00
             612.38,314.38 603.88,314.38 600.12,317.00
             598.50,318.12 596.38,321.00 595.38,323.37
             592.62,330.00 594.88,334.75 604.75,343.25
             609.38,347.12 615.00,352.38 617.25,354.88
             622.88,360.88 633.75,376.25 633.75,378.00
             633.75,378.87 628.25,383.38 621.62,388.12
             605.50,399.62 591.75,412.75 589.88,418.38
             588.62,422.25 588.75,423.25 590.88,426.12
             596.00,433.00 608.00,430.25 632.50,416.37
             639.75,412.25 646.00,409.38 646.50,409.88
             648.62,411.88 650.25,436.12 648.88,446.75
             645.88,471.37 631.88,500.37 612.38,522.00
             586.38,550.75 555.50,569.38 516.88,579.50
             500.25,583.88 465.62,585.12 448.12,582.12
             417.88,576.75 380.00,561.12 368.38,549.00
             366.13,546.75 362.38,543.75 359.88,542.50
             353.38,539.12 338.63,522.50 332.38,511.50
             324.25,497.38 321.13,486.62 320.38,471.25
             319.75,459.88 321.25,444.62 323.00,442.75
             323.38,442.50 330.12,445.37 338.00,449.25
             361.50,460.62 370.38,463.38 377.00,461.25
             381.88,459.62 383.75,456.88 383.75,451.50
             383.75,446.37 376.50,440.00 355.25,426.25
             330.38,410.00 332.75,412.38 335.38,406.75
             340.12,396.75 351.88,380.62 362.88,369.25
             384.63,346.50 397.88,338.88 423.00,335.12
             431.50,333.75 440.25,331.75 442.38,330.75
             446.62,328.50 448.25,324.38 447.00,319.25
             446.25,316.25 446.38,316.00 449.00,316.75
             455.25,318.37 480.12,319.00 492.50,317.75
             508.63,316.00 530.75,310.50 544.88,304.50
             562.50,297.12 572.25,290.50 585.00,277.62
             595.00,267.62 598.00,263.62 602.88,253.75
             612.88,233.88 613.62,220.12 605.12,212.00
             597.75,204.87 585.75,207.25 580.88,216.75
             579.50,219.25 578.00,225.25 577.50,229.87
             576.25,241.25 571.62,249.62 560.62,260.62
             546.88,274.38 523.62,285.37 499.12,289.50
             482.88,292.25 451.38,291.38 436.75,287.62
             413.63,281.88 394.50,273.12 379.00,261.62
             356.00,244.25 342.50,218.00 342.50,190.37
             342.50,175.12 345.00,165.00 353.00,148.12
             361.38,130.75 368.25,120.00 380.88,104.87
             393.88,89.50 405.00,79.38 420.88,68.75
             448.63,50.12 468.38,44.25 487.00,49.25
             496.50,51.75 504.12,56.75 513.12,66.50
             527.12,81.62 535.12,102.12 533.25,117.75
             533.25,117.75 532.38,124.75 532.38,124.75
             532.38,124.75 495.75,125.25 495.75,125.25
             463.12,125.62 458.88,125.87 455.88,127.87
             448.38,132.75 448.88,140.25 457.25,145.75
             465.38,151.37 489.50,154.87 536.25,157.50
             550.38,158.37 562.00,159.12 562.12,159.25
             562.38,159.38 555.25,161.12 546.50,163.00
             528.25,167.00 511.50,171.62 507.50,173.75
             503.38,176.00 500.00,182.50 500.00,188.37
             500.00,194.62 504.25,200.37 510.50,202.50
             515.12,204.00 516.38,203.75 534.25,198.62
             550.12,194.00 583.25,185.87 600.00,182.62
             615.62,179.50 678.62,166.62 689.88,164.12
             694.25,163.25 699.38,161.62 701.38,160.62
             713.38,154.38 711.88,136.12 698.75,129.12
             693.38,126.25 693.00,126.25 646.88,126.25
             621.38,126.25 590.25,125.87 577.88,125.37
             577.88,125.37 555.38,124.62 555.38,124.62
             555.38,124.62 558.25,117.62 558.25,117.62
             561.88,109.12 562.25,93.62 559.25,82.00
             556.38,70.62 548.50,55.12 540.25,44.75
             529.50,31.25 518.00,23.12 501.25,17.25
             493.50,14.50 470.38,13.12 461.88,14.87 Z
           M 327.62,884.12
           C 343.75,896.25 364.88,908.25 385.38,917.00
             392.38,920.00 398.25,922.88 398.50,923.50
             398.63,924.12 395.00,928.50 390.25,933.25
             364.75,959.12 318.75,965.38 296.88,946.00
             292.88,942.50 292.50,941.75 292.50,935.00
             292.50,926.62 297.00,911.75 302.88,900.75
             307.12,892.75 318.00,880.00 320.62,880.00
             321.38,880.00 324.62,881.88 327.62,884.12 Z" />
</svg>
