<?xml version="1.0" encoding="UTF-8" standalone="no"?>
<!DOCTYPE svg PUBLIC "-//W3C//DTD SVG 20010904//EN"
              "http://www.w3.org/TR/2001/REC-SVG-20010904/DTD/svg10.dtd">

<svg xmlns="http://www.w3.org/2000/svg"
     width="10.4222in" height="10.4222in"
     viewBox="0 0 938 938">
  <path id="Imported Path"
        fill="none" stroke="black" stroke-width="1"
        d="M 440.36,884.10
           C 436.61,887.85 434.36,892.73 431.48,904.23
             428.35,916.36 428.85,921.24 433.48,925.99
             437.73,930.25 443.61,931.25 449.49,928.75
             452.99,927.24 454.74,925.49 456.74,920.87
             459.24,915.36 459.24,913.86 458.12,901.98
             456.74,886.72 454.49,882.60 447.36,881.97
             444.24,881.72 442.11,882.35 440.36,884.10 Z
           M 480.63,882.97
           C 470.75,888.97 470.00,905.73 479.26,912.24
             481.13,913.61 484.88,914.24 490.64,914.24
             498.39,914.24 499.52,913.86 502.89,910.61
             506.14,907.23 506.52,906.11 506.52,898.35
             506.52,888.85 504.89,885.35 499.02,882.35
             493.89,879.72 485.38,879.97 480.63,882.97 Z
           M 402.71,866.84
           C 391.08,872.72 387.71,876.72 387.71,885.22
             387.71,889.60 388.46,891.35 391.33,894.35
             394.46,897.35 395.96,897.98 401.46,897.98
             407.59,897.98 408.09,897.73 414.72,890.72
             424.60,880.47 429.23,873.09 428.35,869.21
             425.98,859.96 417.97,859.21 402.71,866.84 Z
           M 595.44,863.09
           C 591.57,866.84 589.06,873.34 586.44,886.60
             585.06,892.73 585.19,894.23 587.19,898.35
             592.19,908.98 605.70,909.23 611.08,898.98
             612.83,895.73 613.08,892.73 612.45,883.47
             610.95,861.83 604.45,853.96 595.44,863.09 Z
           M 621.71,859.96
           C 618.45,864.09 618.20,872.59 621.08,878.72
             626.96,890.97 644.09,887.60 644.09,874.22
             644.09,870.84 642.97,868.09 639.84,863.96
             635.09,857.83 633.34,856.71 627.83,856.71
             625.46,856.71 623.33,857.83 621.71,859.96 Z
           M 676.36,827.19
           C 666.61,829.82 662.85,834.44 665.35,840.57
             667.36,845.20 672.73,848.45 682.24,850.95
             690.99,853.20 694.62,852.58 699.37,848.20
             703.88,844.07 705.00,838.20 702.37,833.07
             698.62,825.82 689.37,823.69 676.36,827.19 Z
           M 599.32,815.43
           C 595.94,816.81 593.82,821.94 594.82,826.44
             598.94,844.45 605.70,852.95 615.95,852.95
             619.58,852.95 621.58,851.95 624.96,848.58
             629.09,844.45 629.34,843.70 628.71,838.20
             628.21,832.94 627.33,831.57 620.21,824.94
             615.83,820.94 611.08,817.19 609.70,816.69
             604.32,814.68 602.07,814.43 599.32,815.43 Z
           M 344.18,368.07
           C 338.06,374.57 335.18,393.71 337.68,410.47
             341.18,433.61 353.56,477.75 363.32,501.14
             365.82,507.15 368.82,514.90 369.82,518.40
             370.95,521.78 372.57,525.91 373.57,527.28
             375.20,529.78 374.82,530.28 365.95,535.79
             353.56,543.54 338.43,559.05 330.68,571.93
             327.30,577.56 324.30,583.06 323.80,584.06
             323.42,585.06 321.17,590.19 318.67,595.32
             298.66,636.96 293.03,689.24 304.91,722.26
             314.17,747.77 327.92,767.53 347.06,782.92
             373.82,804.30 407.09,817.81 450.49,824.81
             450.49,824.81 455.12,825.57 455.12,825.57
             455.12,825.57 449.11,834.07 449.11,834.07
             440.86,845.58 438.98,849.45 438.98,854.83
             438.98,861.08 441.86,865.96 446.99,868.46
             458.99,874.09 465.62,868.09 474.00,843.20
             474.00,843.20 479.26,827.94 479.26,827.94
             479.26,827.94 494.01,827.94 494.01,827.94
             512.90,827.94 530.91,826.07 549.04,822.31
             556.92,820.69 566.80,818.69 570.93,817.94
             599.57,812.31 645.72,792.30 679.99,770.54
             707.00,753.28 728.26,738.27 739.02,728.89
             742.77,725.64 747.52,722.13 749.65,721.13
             756.78,717.63 778.16,698.00 782.92,690.62
             788.80,681.74 789.80,677.24 787.54,670.61
             784.92,662.98 780.67,658.48 771.66,653.60
             762.41,648.72 728.76,635.46 708.50,628.71
             615.45,598.07 576.93,584.06 559.30,574.68
             546.42,567.80 541.91,567.43 537.29,572.93
             530.16,581.43 534.66,588.94 552.04,597.07
             563.68,602.57 600.95,615.08 623.46,620.96
             647.72,627.46 700.50,645.34 724.76,655.35
             738.39,660.98 761.16,672.61 763.03,674.86
             764.53,676.61 762.66,678.86 746.77,694.37
             729.26,711.25 719.01,720.38 717.51,720.38
             716.88,720.38 699.75,733.27 689.12,741.90
             683.99,746.02 662.73,759.65 653.47,764.78
             648.60,767.41 644.47,770.04 644.09,770.66
             643.22,771.91 620.33,782.42 605.95,788.30
             547.79,811.93 481.38,815.56 425.85,798.30
             413.35,794.42 387.96,782.42 378.20,775.79
             367.82,768.66 351.81,752.53 344.93,742.27
             333.05,724.39 328.30,708.63 328.55,687.24
             328.68,664.60 333.05,640.22 341.18,616.58
             347.56,598.32 349.56,594.69 355.31,590.81
             358.69,588.44 363.44,583.19 367.82,576.56
             377.20,562.42 387.83,554.30 399.46,552.29
             405.47,551.17 408.47,549.17 411.59,544.42
             415.72,538.16 414.72,532.28 406.59,516.53
             402.59,508.52 396.21,494.14 392.46,484.63
             384.96,465.50 371.20,423.23 369.20,413.35
             368.57,409.84 367.07,402.84 365.95,397.71
             364.82,392.58 363.32,385.08 362.57,381.08
             360.44,370.95 356.94,365.95 351.31,365.44
             348.06,365.19 346.31,365.82 344.18,368.07 Z
           M 301.79,236.00
           C 300.16,236.25 297.91,238.13 296.53,240.00
             293.16,244.63 278.90,273.77 278.90,275.90
             278.90,277.90 261.26,316.54 249.76,339.56
             240.00,359.19 232.62,374.95 232.62,376.45
             232.62,377.33 230.00,383.33 222.62,399.46
             213.99,418.60 214.11,426.98 223.49,433.23
             230.37,437.98 237.00,437.36 247.01,431.10
             248.38,430.23 256.51,422.60 265.02,414.10
             285.03,394.21 302.66,381.20 339.93,358.82
             357.07,348.69 361.44,344.18 361.44,336.80
             361.44,327.42 353.19,320.55 343.56,321.80
             340.93,322.17 335.80,324.30 332.18,326.55
             328.68,328.68 322.67,332.18 318.92,334.30
             310.29,338.93 287.15,353.44 281.78,357.44
             281.78,357.44 277.65,360.44 277.65,360.44
             277.65,360.44 278.52,356.31 278.52,356.31
             278.90,353.94 281.78,346.68 284.90,340.18
             291.91,324.92 300.54,304.04 305.16,291.03
             316.92,257.39 318.67,239.38 310.67,236.38
             307.41,235.13 306.54,235.13 301.79,236.00 Z
           M 200.48,222.62
           C 189.73,229.12 190.23,246.26 201.23,252.01
             209.49,256.26 220.62,253.39 225.12,246.01
             232.25,234.37 223.99,220.12 210.11,220.12
             206.74,220.12 202.86,221.12 200.48,222.62 Z
           M 349.31,163.84
           C 338.43,170.34 338.93,188.60 350.06,194.48
             354.44,196.73 362.57,196.98 366.82,194.98
             371.07,192.98 375.20,185.22 375.20,178.85
             375.20,172.47 371.07,164.71 366.82,162.71
             362.19,160.59 353.81,161.09 349.31,163.84 Z
           M 340.31,11.26
           C 310.92,15.38 282.03,25.39 261.64,38.27
             258.01,40.65 254.51,42.52 253.89,42.52
             252.26,42.52 232.62,61.28 232.62,62.78
             232.62,63.28 230.62,66.66 228.25,70.16
             218.24,84.80 211.24,105.43 209.49,125.69
             206.74,158.71 226.25,208.11 250.38,229.50
             257.76,235.88 275.77,245.26 281.15,245.38
             289.15,245.63 293.28,239.75 289.65,233.12
             288.65,231.12 282.40,222.99 275.77,215.11
             269.14,207.24 261.76,197.61 259.51,193.73
             254.89,186.10 247.76,170.09 245.26,161.34
             244.38,158.21 243.00,153.96 242.38,151.96
             240.00,144.58 239.75,121.31 241.88,111.43
             248.13,81.79 271.27,57.78 305.04,45.65
             309.79,43.90 314.79,42.52 316.29,42.52
             317.67,42.52 322.92,41.40 327.92,40.15
             349.19,34.39 377.83,34.02 400.84,39.02
             407.09,40.27 414.47,41.90 417.22,42.52
             433.36,46.02 451.74,56.41 465.50,69.79
             481.88,85.67 490.26,99.05 496.01,118.44
             499.02,128.19 499.39,131.70 499.39,148.20
             499.52,170.97 496.64,184.85 485.13,218.12
             473.38,251.76 464.50,279.02 463.00,285.78
             462.25,289.15 460.75,295.66 459.75,300.16
             458.74,304.66 456.37,316.17 454.49,325.80
             448.24,358.94 449.11,400.59 456.62,428.23
             457.99,433.11 459.87,440.99 461.00,445.86
             463.12,455.87 464.75,460.75 470.25,474.63
             476.63,490.76 492.64,521.28 496.14,524.03
             507.02,532.53 520.03,519.78 513.27,507.15
             505.27,492.14 490.39,458.12 485.88,444.49
             477.50,419.47 475.25,406.84 474.38,380.83
             473.88,363.32 474.13,354.69 475.88,342.06
             478.63,320.92 486.63,289.40 497.01,258.89
             501.64,245.51 505.77,232.25 506.39,229.50
             507.02,226.75 509.77,216.87 512.65,207.61
             522.90,174.09 525.78,150.71 522.15,128.32
             519.65,112.43 516.90,103.05 510.90,90.55
             508.52,85.55 506.52,80.92 506.52,80.17
             506.52,75.54 476.25,42.52 472.00,42.52
             471.13,42.52 467.75,40.40 464.37,37.90
             452.74,29.02 426.85,18.76 403.34,13.63
             390.46,10.76 353.56,9.38 340.31,11.26 Z" />
</svg>
